
David Allen
15.643070, 13.076599, 78.395395, 91.398579, 35.920685, 18.945544, 17.750780, 37.362814, 56.808865, 86.587855, 82.087271, 40.759006, 36.617341, 27.643189, 99.081996, 71.112077, 80.683917, 54.595888, 93.091389, 86.976848, 19.887094, 42.388456, 22.781701, 92.056155, 
You can do anything, but not everything.
26, 2, 16, 18, 4, 13, 15, 4, 3, 27, 15, 8, 

David Allen
15.643070, 13.076599, 78.395395, 91.398579, 35.920685, 18.945544, 17.750780, 37.362814, 56.808865, 86.587855, 82.087271, 40.759006, 36.617341, 27.643189, 99.081996, 71.112077, 80.683917, 54.595888, 93.091389, 86.976848, 19.887094, 42.388456, 22.781701, 92.056155, 
You can do anything, but not everything.
26, 2, 16, 18, 4, 13, 15, 4, 3, 27, 15, 8, 

David Allen
15.643070, 13.076599, 78.395395, 91.398579, 35.920685, 18.945544, 17.750780, 37.362814, 56.808865, 86.587855, 82.087271, 40.759006, 36.617341, 27.643189, 99.081996, 71.112077, 80.683917, 54.595888, 93.091389, 86.976848, 19.887094, 42.388456, 22.781701, 92.056155, 
You can do anything, but not everything.
26, 2, 16, 18, 4, 13, 15, 4, 3, 27, 15, 8, 

David Allen
15.643070, 13.076599, 78.395395, 91.398579, 35.920685, 18.945544, 17.750780, 37.362814, 56.808865, 86.587855, 82.087271, 40.759006, 36.617341, 27.643189, 99.081996, 71.112077, 80.683917, 54.595888, 93.091389, 86.976848, 19.887094, 42.388456, 22.781701, 92.056155, 
You can do anything, but not everything.
26, 2, 16, 18, 4, 13, 15, 4, 3, 27, 15, 8, 

David Allen
15.643070, 13.076599, 78.395395, 91.398579, 35.920685, 18.945544, 17.750780, 37.362814, 56.808865, 86.587855, 82.087271, 40.759006, 36.617341, 27.643189, 99.081996, 71.112077, 80.683917, 54.595888, 93.091389, 86.976848, 19.887094, 42.388456, 22.781701, 92.056155, 
You can do anything, but not everything.
26, 2, 16, 18, 4, 13, 15, 4, 3, 27, 15, 8, 

David Allen
15.643070, 13.076599, 78.395395, 91.398579, 35.920685, 18.945544, 17.750780, 37.362814, 56.808865, 86.587855, 82.087271, 40.759006, 36.617341, 27.643189, 99.081996, 71.112077, 80.683917, 54.595888, 93.091389, 86.976848, 19.887094, 42.388456, 22.781701, 92.056155, 
You can do anything, but not everything.
26, 2, 16, 18, 4, 13, 15, 4, 3, 27, 15, 8, 

David Allen
15.643070, 13.076599, 78.395395, 91.398579, 35.920685, 18.945544, 17.750780, 37.362814, 56.808865, 86.587855, 82.087271, 40.759006, 36.617341, 27.643189, 99.081996, 71.112077, 80.683917, 54.595888, 93.091389, 86.976848, 19.887094, 42.388456, 22.781701, 92.056155, 
You can do anything, but not everything.
26, 2, 16, 18, 4, 13, 15, 4, 3, 27, 15, 8, 

David Allen
15.643070, 13.076599, 78.395395, 91.398579, 35.920685, 18.945544, 17.750780, 37.362814, 56.808865, 86.587855, 82.087271, 40.759006, 36.617341, 27.643189, 99.081996, 71.112077, 80.683917, 54.595888, 93.091389, 86.976848, 19.887094, 42.388456, 22.781701, 92.056155, 
You can do anything, but not everything.
26, 2, 16, 18, 4, 13, 15, 4, 3, 27, 15, 8, 

David Allen
15.643070, 13.076599, 78.395395, 91.398579, 35.920685, 18.945544, 17.750780, 37.362814, 56.808865, 86.587855, 82.087271, 40.759006, 36.617341, 27.643189, 99.081996, 71.112077, 80.683917, 54.595888, 93.091389, 86.976848, 19.887094, 42.388456, 22.781701, 92.056155, 
You can do anything, but not everything.
26, 2, 16, 18, 4, 13, 15, 4, 3, 27, 15, 8, 

David Allen
15.643070, 13.076599, 78.395395, 91.398579, 35.920685, 18.945544, 17.750780, 37.362814, 56.808865, 86.587855, 82.087271, 40.759006, 36.617341, 27.643189, 99.081996, 71.112077, 80.683917, 54.595888, 93.091389, 86.976848, 19.887094, 42.388456, 22.781701, 92.056155, 
You can do anything, but not everything.
26, 2, 16, 18, 4, 13, 15, 4, 3, 27, 15, 8, 

David Allen
15.643070, 13.076599, 78.395395, 91.398579, 35.920685, 18.945544, 17.750780, 37.362814, 56.808865, 86.587855, 82.087271, 40.759006, 36.617341, 27.643189, 99.081996, 71.112077, 80.683917, 54.595888, 93.091389, 86.976848, 19.887094, 42.388456, 22.781701, 92.056155, 
You can do anything, but not everything.
26, 2, 16, 18, 4, 13, 15, 4, 3, 27, 15, 8, 

David Allen
15.643070, 13.076599, 78.395395, 91.398579, 35.920685, 18.945544, 17.750780, 37.362814, 56.808865, 86.587855, 82.087271, 40.759006, 36.617341, 27.643189, 99.081996, 71.112077, 80.683917, 54.595888, 93.091389, 86.976848, 19.887094, 42.388456, 22.781701, 92.056155, 
You can do anything, but not everything.
26, 2, 16, 18, 4, 13, 15, 4, 3, 27, 15, 8, 

David Allen
15.643070, 13.076599, 78.395395, 91.398579, 35.920685, 18.945544, 17.750780, 37.362814, 56.808865, 86.587855, 82.087271, 40.759006, 36.617341, 27.643189, 99.081996, 71.112077, 80.683917, 54.595888, 93.091389, 86.976848, 19.887094, 42.388456, 22.781701, 92.056155, 
You can do anything, but not everything.
26, 2, 16, 18, 4, 13, 15, 4, 3, 27, 15, 8, 

David Allen
15.643070, 13.076599, 78.395395, 91.398579, 35.920685, 18.945544, 17.750780, 37.362814, 56.808865, 86.587855, 82.087271, 40.759006, 36.617341, 27.643189, 99.081996, 71.112077, 80.683917, 54.595888, 93.091389, 86.976848, 19.887094, 42.388456, 22.781701, 92.056155, 
You can do anything, but not everything.
26, 2, 16, 18, 4, 13, 15, 4, 3, 27, 15, 8, 

David Allen
15.643070, 13.076599, 78.395395, 91.398579, 35.920685, 18.945544, 17.750780, 37.362814, 56.808865, 86.587855, 82.087271, 40.759006, 36.617341, 27.643189, 99.081996, 71.112077, 80.683917, 54.595888, 93.091389, 86.976848, 19.887094, 42.388456, 22.781701, 92.056155, 
You can do anything, but not everything.
26, 2, 16, 18, 4, 13, 15, 4, 3, 27, 15, 8, 

David Allen
15.643070, 13.076599, 78.395395, 91.398579, 35.920685, 18.945544, 17.750780, 37.362814, 56.808865, 86.587855, 82.087271, 40.759006, 36.617341, 27.643189, 99.081996, 71.112077, 80.683917, 54.595888, 93.091389, 86.976848, 19.887094, 42.388456, 22.781701, 92.056155, 
You can do anything, but not everything.
26, 2, 16, 18, 4, 13, 15, 4, 3, 27, 15, 8, 

David Allen
15.643070, 13.076599, 78.395395, 91.398579, 35.920685, 18.945544, 17.750780, 37.362814, 56.808865, 86.587855, 82.087271, 40.759006, 36.617341, 27.643189, 99.081996, 71.112077, 80.683917, 54.595888, 93.091389, 86.976848, 19.887094, 42.388456, 22.781701, 92.056155, 
You can do anything, but not everything.
26, 2, 16, 18, 4, 13, 15, 4, 3, 27, 15, 8, 

David Allen
15.643070, 13.076599, 78.395395, 91.398579, 35.920685, 18.945544, 17.750780, 37.362814, 56.808865, 86.587855, 82.087271, 40.759006, 36.617341, 27.643189, 99.081996, 71.112077, 80.683917, 54.595888, 93.091389, 86.976848, 19.887094, 42.388456, 22.781701, 92.056155, 
You can do anything, but not everything.
26, 2, 16, 18, 4, 13, 15, 4, 3, 27, 15, 8, 

David Allen
15.643070, 13.076599, 78.395395, 91.398579, 35.920685, 18.945544, 17.750780, 37.362814, 56.808865, 86.587855, 82.087271, 40.759006, 36.617341, 27.643189, 99.081996, 71.112077, 80.683917, 54.595888, 93.091389, 86.976848, 19.887094, 42.388456, 22.781701, 92.056155, 
You can do anything, but not everything.
26, 2, 16, 18, 4, 13, 15, 4, 3, 27, 15, 8, 

David Allen
15.643070, 13.076599, 78.395395, 91.398579, 35.920685, 18.945544, 17.750780, 37.362814, 56.808865, 86.587855, 82.087271, 40.759006, 36.617341, 27.643189, 99.081996, 71.112077, 80.683917, 54.595888, 93.091389, 86.976848, 19.887094, 42.388456, 22.781701, 92.056155, 
You can do anything, but not everything.
26, 2, 16, 18, 4, 13, 15, 4, 3, 27, 15, 8, 

David Allen
15.643070, 13.076599, 78.395395, 91.398579, 35.920685, 18.945544, 17.750780, 37.362814, 56.808865, 86.587855, 82.087271, 40.759006, 36.617341, 27.643189, 99.081996, 71.112077, 80.683917, 54.595888, 93.091389, 86.976848, 19.887094, 42.388456, 22.781701, 92.056155, 
You can do anything, but not everything.
26, 2, 16, 18, 4, 13, 15, 4, 3, 27, 15, 8, 

David Allen
15.643070, 13.076599, 78.395395, 91.398579, 35.920685, 18.945544, 17.750780, 37.362814, 56.808865, 86.587855, 82.087271, 40.759006, 36.617341, 27.643189, 99.081996, 71.112077, 80.683917, 54.595888, 93.091389, 86.976848, 19.887094, 42.388456, 22.781701, 92.056155, 
You can do anything, but not everything.
26, 2, 16, 18, 4, 13, 15, 4, 3, 27, 15, 8, 

David Allen
15.643070, 13.076599, 78.395395, 91.398579, 35.920685, 18.945544, 17.750780, 37.362814, 56.808865, 86.587855, 82.087271, 40.759006, 36.617341, 27.643189, 99.081996, 71.112077, 80.683917, 54.595888, 93.091389, 86.976848, 19.887094, 42.388456, 22.781701, 92.056155, 
You can do anything, but not everything.
26, 2, 16, 18, 4, 13, 15, 4, 3, 27, 15, 8, 

David Allen
15.643070, 13.076599, 78.395395, 91.398579, 35.920685, 18.945544, 17.750780, 37.362814, 56.808865, 86.587855, 82.087271, 40.759006, 36.617341, 27.643189, 99.081996, 71.112077, 80.683917, 54.595888, 93.091389, 86.976848, 19.887094, 42.388456, 22.781701, 92.056155, 
You can do anything, but not everything.
26, 2, 16, 18, 4, 13, 15, 4, 3, 27, 15, 8, 

David Allen
15.643070, 13.076599, 78.395395, 91.398579, 35.920685, 18.945544, 17.750780, 37.362814, 56.808865, 86.587855, 82.087271, 40.759006, 36.617341, 27.643189, 99.081996, 71.112077, 80.683917, 54.595888, 93.091389, 86.976848, 19.887094, 42.388456, 22.781701, 92.056155, 
You can do anything, but not everything.
26, 2, 16, 18, 4, 13, 15, 4, 3, 27, 15, 8, 

David Allen
15.643070, 13.076599, 78.395395, 91.398579, 35.920685, 18.945544, 17.750780, 37.362814, 56.808865, 86.587855, 82.087271, 40.759006, 36.617341, 27.643189, 99.081996, 71.112077, 80.683917, 54.595888, 93.091389, 86.976848, 19.887094, 42.388456, 22.781701, 92.056155, 
You can do anything, but not everything.
26, 2, 16, 18, 4, 13, 15, 4, 3, 27, 15, 8, 

David Allen
15.643070, 13.076599, 78.395395, 91.398579, 35.920685, 18.945544, 17.750780, 37.362814, 56.808865, 86.587855, 82.087271, 40.759006, 36.617341, 27.643189, 99.081996, 71.112077, 80.683917, 54.595888, 93.091389, 86.976848, 19.887094, 42.388456, 22.781701, 92.056155, 
You can do anything, but not everything.
26, 2, 16, 18, 4, 13, 15, 4, 3, 27, 15, 8, 

David Allen
15.643070, 13.076599, 78.395395, 91.398579, 35.920685, 18.945544, 17.750780, 37.362814, 56.808865, 86.587855, 82.087271, 40.759006, 36.617341, 27.643189, 99.081996, 71.112077, 80.683917, 54.595888, 93.091389, 86.976848, 19.887094, 42.388456, 22.781701, 92.056155, 
You can do anything, but not everything.
26, 2, 16, 18, 4, 13, 15, 4, 3, 27, 15, 8, 

David Allen
15.643070, 13.076599, 78.395395, 91.398579, 35.920685, 18.945544, 17.750780, 37.362814, 56.808865, 86.587855, 82.087271, 40.759006, 36.617341, 27.643189, 99.081996, 71.112077, 80.683917, 54.595888, 93.091389, 86.976848, 19.887094, 42.388456, 22.781701, 92.056155, 
You can do anything, but not everything.
26, 2, 16, 18, 4, 13, 15, 4, 3, 27, 15, 8, 

David Allen
15.643070, 13.076599, 78.395395, 91.398579, 35.920685, 18.945544, 17.750780, 37.362814, 56.808865, 86.587855, 82.087271, 40.759006, 36.617341, 27.643189, 99.081996, 71.112077, 80.683917, 54.595888, 93.091389, 86.976848, 19.887094, 42.388456, 22.781701, 92.056155, 
You can do anything, but not everything.
26, 2, 16, 18, 4, 13, 15, 4, 3, 27, 15, 8, 

David Allen
15.643070, 13.076599, 78.395395, 91.398579, 35.920685, 18.945544, 17.750780, 37.362814, 56.808865, 86.587855, 82.087271, 40.759006, 36.617341, 27.643189, 99.081996, 71.112077, 80.683917, 54.595888, 93.091389, 86.976848, 19.887094, 42.388456, 22.781701, 92.056155, 
You can do anything, but not everything.
26, 2, 16, 18, 4, 13, 15, 4, 3, 27, 15, 8, 
